700 900
700 899
700 898
700 897
699 896
699 895
699 894
698 893
697 892
696 891
695 890
695 889
695 888
695 887
695 886
694 885
693 884
692 883
692 882
692 881
691 880
690 879
689 878
689 877
689 876
689 875
688 874
688 873
688 872
687 871
687 870
687 869
686 868
685 867
684 866
684 865
683 864
682 863
682 862
681 861
681 860
680 859
680 858
679 857
679 856
679 855
679 854
679 853
678 852
677 851
676 850
675 849
674 848
673 847
672 846
671 845
671 844
670 843
670 842
670 841
669 840
669 839
669 838
669 837
668 836
667 835
667 834
667 833
666 832
665 831
664 830
663 829
662 828
661 827
661 826
660 825
659 824
659 823
659 822
658 821
658 820
658 819
658 818
658 817
657 816
656 815
656 814
656 813
656 812
656 811
656 810
656 809
656 808
656 807
656 806
655 805
655 804
655 803
655 802
654 801
654 800
653 799
652 798
651 797
650 796
649 795
649 794
648 793
648 792
647 791
647 790
646 789
646 788
645 787
645 786
645 785
644 784
643 783
643 782
642 781
642 780
642 779
642 778
642 777
641 776
640 775
639 774
638 773
638 772
638 771
637 770
637 769
636 768
636 767
636 766
636 765
636 764
635 763
635 762
635 761
634 760
633 759
633 758
633 757
633 756
632 755
632 754
631 753
630 752
629 751
628 751
627 750
626 749
625 749
624 748
624 747
623 746
622 745
622 744
622 743
622 742
622 741
622 740
622 739
622 738
621 737
620 736
619 735
618 734
617 733
617 732
616 731
615 730
615 729
614 728
613 727
612 726
612 725
612 724
612 723
612 722
611 721
610 720
609 719
608 718
607 717
606 716
605 715
604 714
603 713
602 712
601 711
600 710
599 709
598 709
597 708
597 707
596 706
595 705
595 704
594 703
593 702
592 701
591 700
591 699
591 698
591 697
590 696
589 695
588 694
587 693
586 692
585 691
584 690
584 689
583 688
582 687
581 686
580 686
579 685
578 684
577 683
577 682
576 681
575 680
574 679
573 678
572 677
572 676
572 675
571 674
570 673
569 672
568 671
567 670
566 669
565 668
565 667
564 666
563 665
562 664
561 663
560 662
559 661
558 660
557 659
556 658
556 657
556 656
555 655
554 654
553 653
552 653
551 652
550 651
549 650
548 649
547 648
546 647
545 646
544 645
543 644
542 643
541 642
540 641
539 640
538 640
537 639
536 639
535 638
535 637
535 636
535 635
534 634
534 633
533 632
532 631
531 630
530 629
529 628
529 627
528 626
527 625
526 624
526 623
525 622
524 621
524 620
524 619
523 618
522 617
522 616
521 615
520 614
519 613
518 612
517 611
516 610
516 609
516 608
516 607
516 606
516 605
515 604
514 604
513 603
512 602
512 601
512 600
512 599
512 598
512 597
512 596
512 595
511 594
510 593
510 592
510 591
510 590
509 589
509 588
508 587
507 586
506 585
505 584
504 583
503 582
502 581
501 580
500 579
499 578
499 577
498 576
497 575
496 574
496 573
496 572
495 571
494 570
493 569
492 568
492 567
491 566
490 565
489 564
488 563
487 562
486 561
485 560
484 560
483 559
482 558
481 557
480 556
480 555
480 554
479 553
479 552
478 551
478 550
477 549
476 548
476 547
476 546
476 545
475 544
474 543
474 542
473 541
473 540
473 539
473 538
473 537
473 536
473 535
472 534
472 533
472 532
472 531
471 530
470 529
469 528
469 527
469 526
468 525
467 524
466 523
465 522
465 521
464 520
463 519
462 518
461 517
460 516
460 515
460 514
460 513
460 512
459 511
458 510
457 509
456 508
455 507
454 506
453 506
452 505
452 504
451 503
450 502
449 501
448 500
447 499
446 498
446 497
445 496
444 495
443 494
442 493
441 492
440 491
439 490
438 490
437 489
436 488
435 487
434 487
433 486
433 485
432 484
431 483
430 482
430 481
430 480
430 479
429 478
428 477
427 476
426 475
426 474
425 473
425 472
425 471
424 470
424 469
424 468
424 467
424 466
424 465
423 464
422 463
421 462
420 461
419 460
418 459
417 458
416 457
415 456
414 455
414 454
413 453
412 452
412 451
411 450
411 449
411 448
410 447
410 446
409 445
409 444
408 443
407 442
406 441
405 440
405 439
405 438
404 437
404 436
404 435
403 434
402 433
401 432
400 431
399 430
398 429
397 428
396 427
395 426
394 425
393 424
392 423
391 422
390 421
389 420
388 419
387 418
386 417
386 416
386 415
385 414
385 413
385 412
384 411
383 410
382 409
381 408
380 407
380 406
380 405
380 404
379 403
378 402
378 401
378 400
378 399
377 398
376 397
376 396
375 395
375 394
374 393
373 392
372 391
371 390
370 389
369 388
369 387
369 386
368 385
367 384
366 383
365 382
364 381
363 380
362 379
361 378
360 377
360 376
359 375
358 374
357 373
356 372
355 371
354 370
353 369
352 368
351 367
351 366
350 365
350 364
349 363
348 362
347 361
346 360
345 359
344 358
343 357
342 356
341 355
341 354
341 353
341 352
341 351
341 350
342 349
341 348
340 347
339 346
338 345
337 344
337 343
337 342
336 341
335 340
334 340
333 339
333 338
332 337
331 336
330 335
329 334
328 333
327 332
326 331
325 330
325 329
324 328
324 327
323 326
322 325
321 324
321 323
321 322
320 321
320 320
320 319
320 318
319 317
319 316
318 315
317 314
316 313
315 312
314 311
313 310
312 309
312 308
312 307
312 306
312 305
312 304
312 303
312 302
312 301
312 300
312 299
312 298
312 297
312 296
311 295
310 294
309 294
308 293
308 292
307 291
307 290
307 289
307 288
307 287
307 286
306 285
306 284
305 283
304 282
304 281
303 280
303 279
303 278
302 277
301 276
300 275
299 274
298 273
297 272
297 271
296 270
295 269
294 268
294 267
294 266
293 265
292 264
292 263
291 262
290 261
290 260
289 259
288 258
287 257
287 256
286 255
286 254
286 253
285 252
285 251
285 250
284 249
283 248
282 247
282 246
281 245
280 244
279 243
278 242
278 241
277 240
276 239
276 238
275 237
275 236
274 235
273 234
272 233
272 232
272 231
271 230
271 229
271 228
271 227
270 226
269 225
269 224
269 223
268 222
268 221
268 220
267 219
267 218
266 217
266 216
266 215
265 214
264 213
263 212
263 211
263 210
262 209
261 208
260 207
260 206
259 205
259 204
258 203
257 202
257 201
256 200
255 199
255 198
255 197
255 196
255 195
254 194
253 193
252 192
252 191
252 190
252 189
252 188
252 187
251 186
250 185
249 184
249 183
248 182
247 181
246 180
246 179
246 178
246 177
246 176
245 175
244 174
244 173
244 172
243 171
243 170
242 169
241 168
240 167
239 166
238 165
237 164
236 163
236 162
236 161
235 160
235 159
235 158
234 157
233 156
233 155
232 154
231 153
231 152
231 151
231 150
231 149
231 148
230 147
229 146
228 145
228 144
228 143
227 142
226 141
225 140
224 139
223 138
222 137
221 136
220 135
219 134
218 133
218 132
217 131
217 130
216 129
215 128
214 127
213 126
212 125
213 124
213 123
213 122
213 121
213 120
213 119
212 118
211 117
211 116
211 115
211 114
211 113
210 112
209 111
209 110
209 109
208 108
207 107
206 106
205 105
204 104
203 103
202 102
201 101
200 100
